Pest
356 926
363 824
365 848
373 098
Fejér
378 547
382 282
382 576
392 872
Komárom-Esztergom
383 690
389 144
390 190
400 393
Veszprém
346 469
350 812
353 422
361 741
Győr-Moson-Sopron
405 646
408 698
409 152
419 397
Vas
345 074
353 823
354 764
366 762
Zala
303 994
313 735
314 630
321 592
Baranya
313 052	
323 851	
324 410	
329 212
Somogy	
313 346	
318 697	
318 093	
323 482
Tolna 	
348 903	
371 436	
377 779	
383 742
Borsod-Abaúj-Zemplén	
296 832	
304 749	
306 419	
312 246
Heves	
348 497	
357 338	
360 117	
366 117
Nógrád 	
288 724	
295 115	
296 091	
300 482
Hajdú-Bihar	
315 473	
323 895	
323 987	
328 042
Jász-Nagykun-Szolnok	
314 474	
320 123	
323 788	
330 165
Szabolcs-Szatmár-Bereg	
265 332	
271 514	
272 254	
277 049
Bács-Kiskun 	
323 391	
332 037	
334 345	
343 524
Békés	
280 816	
285 896	
287 140	
292 343
Csongrád-Csanád	
322 985	
333 333	
333 343	
338 821